1764536604871 0.5423728823661804 0
1764536604913 0.7838982939720154 1
1764536604957 0.8135592937469482 2
1764536604999 0.8135592937469482 3
1764536605041 0.8135592937469482 4
1764536605083 0.8135592937469482 5
1764536605126 0.8135592937469482 6
1764536605169 0.8135592937469482 7
1764536605211 0.8135592937469482 8
1764536605253 0.8135592937469482 9
1764536605300 0.8135592937469482 10
1764536605341 0.8135592937469482 11
1764536605382 0.8135592937469482 12
1764536605425 0.8135592937469482 13
1764536605467 0.8177965879440308 14
1764536605509 0.8262711763381958 15
1764536605550 0.8305084705352783 16
1764536605591 0.8305084705352783 17
1764536605632 0.8305084705352783 18
1764536605673 0.8347457647323608 19
1764536605713 0.8262711763381958 20
1764536605754 0.8262711763381958 21
1764536605795 0.8220338821411133 22
1764536605838 0.8262711763381958 23
1764536605879 0.8432203531265259 24
1764536605921 0.8389830589294434 25
1764536605962 0.8516949415206909 26
1764536606005 0.8516949415206909 27
1764536606045 0.8516949415206909 28
1764536606086 0.8474576473236084 29
1764536606127 0.8644067645072937 30
1764536606168 0.8771186470985413 31
1764536606209 0.8644067645072937 32
1764536606251 0.8601694703102112 33
1764536606292 0.8686440587043762 34
1764536606333 0.8728813529014587 35
1764536606374 0.8644067645072937 36
1764536606416 0.8644067645072937 37
1764536606458 0.8686440587043762 38
1764536606500 0.8686440587043762 39
1764536606541 0.8813559412956238 40
1764536606583 0.8771186470985413 41
1764536606624 0.8771186470985413 42
1764536606666 0.8771186470985413 43
1764536606713 0.8771186470985413 44
1764536606762 0.8728813529014587 45
1764536606803 0.8771186470985413 46
1764536606844 0.8728813529014587 47
1764536606885 0.8686440587043762 48
1764536606925 0.8686440587043762 49
1764536606967 0.8771186470985413 50
1764536607008 0.8813559412956238 51
1764536607051 0.8855932354927063 52
1764536607091 0.8898305296897888 53
1764536607131 0.8898305296897888 54
1764536607173 0.8855932354927063 55
1764536607214 0.8898305296897888 56
1764536607255 0.8940678238868713 57
1764536607295 0.8898305296897888 58
1764536607337 0.8940678238868713 59
1764536607379 0.8940678238868713 60
1764536607421 0.8898305296897888 61
1764536607469 0.8898305296897888 62
1764536607511 0.8940678238868713 63
1764536607551 0.8940678238868713 64
1764536607594 0.8983050584793091 65
1764536607636 0.8983050584793091 66
1764536607676 0.8983050584793091 67
1764536607718 0.8940678238868713 68
1764536607760 0.8983050584793091 69
1764536607802 0.8983050584793091 70
1764536607843 0.8940678238868713 71
1764536607885 0.8983050584793091 72
1764536607926 0.8983050584793091 73
1764536607968 0.9025423526763916 74
1764536608010 0.9067796468734741 75
1764536608051 0.9067796468734741 76
1764536608093 0.9025423526763916 77
1764536608135 0.9110169410705566 78
1764536608176 0.9067796468734741 79
1764536608218 0.9025423526763916 80
1764536608261 0.8983050584793091 81
1764536608302 0.9025423526763916 82
1764536608342 0.9025423526763916 83
1764536608385 0.9025423526763916 84
1764536608427 0.9067796468734741 85
1764536608469 0.9067796468734741 86
1764536608510 0.9067796468734741 87
1764536608551 0.9025423526763916 88
1764536608592 0.9110169410705566 89
1764536608634 0.9110169410705566 90
1764536608674 0.9067796468734741 91
1764536608714 0.9025423526763916 92
1764536608756 0.9067796468734741 93
1764536608802 0.9067796468734741 94
1764536608843 0.9067796468734741 95
1764536608885 0.9110169410705566 96
1764536608926 0.9110169410705566 97
1764536608964 0.9110169410705566 98
1764536609007 0.9067796468734741 99
1764536604871 0.5423728823661804 0
1764536616793 0.33870968222618103 0
1764536616838 0.5161290168762207 1
1764536616883 0.5591397881507874 2
1764536616926 0.5860214829444885 3
1764536616970 0.5913978219032288 4
1764536617018 0.6290322542190552 5
1764536617062 0.6827957034111023 6
1764536617103 0.6827957034111023 7
1764536617147 0.7043010592460632 8
1764536617188 0.6774193644523621 9
1764536617233 0.6881720423698425 10
1764536617276 0.7311828136444092 11
1764536617318 0.7473118305206299 12
1764536617360 0.725806474685669 13
1764536617402 0.7526881694793701 14
1764536617445 0.7311828136444092 15
1764536617487 0.7634408473968506 16
1764536617528 0.7580645084381104 17
1764536617572 0.7688171863555908 18
1764536617614 0.8333333134651184 19
1764536617656 0.7634408473968506 20
1764536617700 0.7956989407539368 21
1764536617742 0.8064516186714172 22
1764536617785 0.8225806355476379 23
1764536617826 0.8225806355476379 24
1764536617872 0.8225806355476379 25
1764536617916 0.7956989407539368 26
1764536617959 0.8118279576301575 27
1764536618003 0.801075279712677 28
1764536618058 0.8225806355476379 29
1764536618102 0.8279569745063782 30
1764536618145 0.7956989407539368 31
1764536618189 0.8655914068222046 32
1764536618233 0.8440860509872437 33
1764536618275 0.8440860509872437 34
1764536618318 0.8387096524238586 35
1764536618361 0.8548387289047241 36
1764536618404 0.8763440847396851 37
1764536618448 0.8817204236984253 38
1764536618491 0.8870967626571655 39
1764536618535 0.8709677457809448 40
1764536618577 0.8387096524238586 41
1764536618620 0.8709677457809448 42
1764536618664 0.8279569745063782 43
1764536618709 0.8709677457809448 44
1764536618755 0.8440860509872437 45
1764536618798 0.8655914068222046 46
1764536618840 0.8709677457809448 47
1764536618884 0.9086021780967712 48
1764536618926 0.8817204236984253 49
1764536618968 0.8924731016159058 50
1764536619011 0.897849440574646 51
1764536619054 0.8763440847396851 52
1764536619097 0.9086021780967712 53
1764536619139 0.8709677457809448 54
1764536619182 0.8870967626571655 55
1764536619225 0.9086021780967712 56
1764536619267 0.8870967626571655 57
1764536619310 0.8924731016159058 58
1764536619354 0.897849440574646 59
1764536619397 0.8817204236984253 60
1764536619440 0.9032257795333862 61
1764536619482 0.8817204236984253 62
1764536619525 0.8924731016159058 63
1764536619568 0.897849440574646 64
1764536619611 0.897849440574646 65
1764536619654 0.8817204236984253 66
1764536619698 0.897849440574646 67
1764536619740 0.8924731016159058 68
1764536619784 0.9247311949729919 69
1764536619825 0.9086021780967712 70
1764536619870 0.9193548560142517 71
1764536619914 0.9032257795333862 72
1764536619957 0.9139785170555115 73
1764536620001 0.897849440574646 74
1764536620045 0.9139785170555115 75
1764536620088 0.8924731016159058 76
1764536620133 0.8924731016159058 77
1764536620176 0.9139785170555115 78
1764536620220 0.8924731016159058 79
1764536620263 0.897849440574646 80
1764536620306 0.9032257795333862 81
1764536620350 0.9086021780967712 82
1764536620393 0.9193548560142517 83
1764536620436 0.8924731016159058 84
1764536620478 0.9139785170555115 85
1764536620533 0.9086021780967712 86
1764536620577 0.9247311949729919 87
1764536620622 0.9032257795333862 88
1764536620665 0.9086021780967712 89
1764536620707 0.897849440574646 90
1764536620751 0.9032257795333862 91
1764536620794 0.9086021780967712 92
1764536620836 0.9032257795333862 93
1764536620879 0.9139785170555115 94
1764536620923 0.9354838728904724 95
1764536620966 0.9139785170555115 96
1764536621007 0.8870967626571655 97
1764536621051 0.897849440574646 98
1764536621093 0.9032257795333862 99
1764536604871 0.5423728823661804 0
1764536604871 0.5423728823661804 0
1764536616793 0.33870968222618103 0
