1764536604871 0.6912925839424133 0
1764536604913 0.5574087500572205 1
1764536604957 0.4944966733455658 2
1764536604999 0.46769392490386963 3
1764536605041 0.45855167508125305 4
1764536605083 0.44820234179496765 5
1764536605126 0.4376972019672394 6
1764536605169 0.4289379417896271 7
1764536605211 0.42183834314346313 8
1764536605253 0.4139523506164551 9
1764536605300 0.40633752942085266 10
1764536605341 0.3988901674747467 11
1764536605382 0.3927285075187683 12
1764536605425 0.3851841986179352 13
1764536605467 0.37717336416244507 14
1764536605509 0.369963139295578 15
1764536605550 0.36344438791275024 16
1764536605591 0.35680466890335083 17
1764536605632 0.35011208057403564 18
1764536605673 0.3440042734146118 19
1764536605713 0.33886831998825073 20
1764536605754 0.3322245180606842 21
1764536605795 0.3274342715740204 22
1764536605838 0.3206758201122284 23
1764536605879 0.3138699233531952 24
1764536605921 0.30870044231414795 25
1764536605962 0.3041923940181732 26
1764536606005 0.2986981272697449 27
1764536606045 0.29383695125579834 28
1764536606086 0.29061636328697205 29
1764536606127 0.28522321581840515 30
1764536606168 0.28278520703315735 31
1764536606209 0.2779795229434967 32
1764536606251 0.274282306432724 33
1764536606292 0.2711940407752991 34
1764536606333 0.26856452226638794 35
1764536606374 0.26465940475463867 36
1764536606416 0.2618042826652527 37
1764536606458 0.263298362493515 38
1764536606500 0.25688931345939636 39
1764536606541 0.2540028989315033 40
1764536606583 0.25024521350860596 41
1764536606624 0.2477087676525116 42
1764536606666 0.24528521299362183 43
1764536606713 0.24175146222114563 44
1764536606762 0.23990467190742493 45
1764536606803 0.2393835335969925 46
1764536606844 0.23639053106307983 47
1764536606885 0.2333025336265564 48
1764536606925 0.23150183260440826 49
1764536606967 0.22995181381702423 50
1764536607008 0.2277931421995163 51
1764536607051 0.2256682813167572 52
1764536607091 0.22563998401165009 53
1764536607131 0.22251515090465546 54
1764536607173 0.2223026156425476 55
1764536607214 0.2199544906616211 56
1764536607255 0.216670960187912 57
1764536607295 0.21778523921966553 58
1764536607337 0.21539638936519623 59
1764536607379 0.21414457261562347 60
1764536607421 0.21200567483901978 61
1764536607469 0.21014364063739777 62
1764536607511 0.20918405055999756 63
1764536607551 0.20854458212852478 64
1764536607594 0.20603202283382416 65
1764536607636 0.2049298733472824 66
1764536607676 0.2039211392402649 67
1764536607718 0.20386147499084473 68
1764536607760 0.20060069859027863 69
1764536607802 0.19913043081760406 70
1764536607843 0.2016695886850357 71
1764536607885 0.19742748141288757 72
1764536607926 0.195790633559227 73
1764536607968 0.19439013302326202 74
1764536608010 0.1948707550764084 75
1764536608051 0.19101111590862274 76
1764536608093 0.1935001015663147 77
1764536608135 0.19018018245697021 78
1764536608176 0.18900138139724731 79
1764536608218 0.18881791830062866 80
1764536608261 0.18623121082782745 81
1764536608302 0.18365803360939026 82
1764536608342 0.18424741923809052 83
1764536608385 0.1828489601612091 84
1764536608427 0.18144948780536652 85
1764536608469 0.180857852101326 86
1764536608510 0.17835910618305206 87
1764536608551 0.1794910877943039 88
1764536608592 0.17700909078121185 89
1764536608634 0.17953334748744965 90
1764536608674 0.17438481748104095 91
1764536608714 0.17568857967853546 92
1764536608756 0.17314232885837555 93
1764536608802 0.1707405000925064 94
1764536608843 0.16996987164020538 95
1764536608885 0.1682368963956833 96
1764536608926 0.16857914626598358 97
1764536608964 0.16625156998634338 98
1764536609007 0.1664462834596634 99
1764536604871 0.6912925839424133 0
1764536616793 1.343436360359192 0
1764536616838 1.1349680423736572 1
1764536616883 0.9953203201293945 2
1764536616926 0.8902112245559692 3
1764536616970 0.8347250819206238 4
1764536617018 0.7768489718437195 5
1764536617062 0.7365604639053345 6
1764536617103 0.6930359601974487 7
1764536617147 0.6709761023521423 8
1764536617188 0.6397464871406555 9
1764536617233 0.6323132514953613 10
1764536617276 0.5914812684059143 11
1764536617318 0.5836085677146912 12
1764536617360 0.5786247849464417 13
1764536617402 0.5451037287712097 14
1764536617445 0.5545223951339722 15
1764536617487 0.5094014406204224 16
1764536617528 0.5139583349227905 17
1764536617572 0.48197129368782043 18
1764536617614 0.4556316137313843 19
1764536617656 0.4659360349178314 20
1764536617700 0.4419696033000946 21
1764536617742 0.4474504590034485 22
1764536617785 0.4223266839981079 23
1764536617826 0.4166010022163391 24
1764536617872 0.4071711599826813 25
1764536617916 0.4175944924354553 26
1764536617959 0.3956882953643799 27
1764536618003 0.3995233476161957 28
1764536618058 0.39432060718536377 29
1764536618102 0.39135608077049255 30
1764536618145 0.3952969014644623 31
1764536618189 0.3585060238838196 32
1764536618233 0.3590846657752991 33
1764536618275 0.3471621870994568 34
1764536618318 0.35295602679252625 35
1764536618361 0.3394760489463806 36
1764536618404 0.3199016749858856 37
1764536618448 0.32327112555503845 38
1764536618491 0.33127567172050476 39
1764536618535 0.3116888701915741 40
1764536618577 0.3158752918243408 41
1764536618620 0.32369378209114075 42
1764536618664 0.3422832190990448 43
1764536618709 0.32815855741500854 44
1764536618755 0.31693780422210693 45
1764536618798 0.30482572317123413 46
1764536618840 0.29397112131118774 47
1764536618884 0.27717462182044983 48
1764536618926 0.2912839651107788 49
1764536618968 0.2843419015407562 50
1764536619011 0.2721481919288635 51
1764536619054 0.2837417423725128 52
1764536619097 0.2506978511810303 53
1764536619139 0.2735136151313782 54
1764536619182 0.265500009059906 55
1764536619225 0.25236624479293823 56
1764536619267 0.2523787021636963 57
1764536619310 0.26257142424583435 58
1764536619354 0.2547376751899719 59
1764536619397 0.2769392430782318 60
1764536619440 0.26133251190185547 61
1764536619482 0.2648949921131134 62
1764536619525 0.2535547912120819 63
1764536619568 0.2624136805534363 64
1764536619611 0.24201899766921997 65
1764536619654 0.25555771589279175 66
1764536619698 0.2323264628648758 67
1764536619740 0.23652523756027222 68
1764536619784 0.2104904055595398 69
1764536619825 0.22322849929332733 70
1764536619870 0.21004702150821686 71
1764536619914 0.22060540318489075 72
1764536619957 0.22984753549098969 73
1764536620001 0.22953541576862335 74
1764536620045 0.22235989570617676 75
1764536620088 0.24135476350784302 76
1764536620133 0.2287455052137375 77
1764536620176 0.21659332513809204 78
1764536620220 0.22940176725387573 79
1764536620263 0.21165962517261505 80
1764536620306 0.20948541164398193 81
1764536620350 0.1983845829963684 82
1764536620393 0.18850074708461761 83
1764536620436 0.22576715052127838 84
1764536620478 0.19509777426719666 85
1764536620533 0.19774170219898224 86
1764536620577 0.19094932079315186 87
1764536620622 0.20600658655166626 88
1764536620665 0.22612364590168 89
1764536620707 0.1977577656507492 90
1764536620751 0.20139962434768677 91
1764536620794 0.21720030903816223 92
1764536620836 0.22847239673137665 93
1764536620879 0.20326901972293854 94
1764536620923 0.17967557907104492 95
1764536620966 0.18345686793327332 96
1764536621007 0.20005786418914795 97
1764536621051 0.21429279446601868 98
1764536621093 0.2506301701068878 99
1764536604871 0.6912925839424133 0
1764536604871 0.6912925839424133 0
1764536616793 1.343436360359192 0
